x   y 
0.0202551 -0.00113645
0.0210053 -0.00118569
0.0217554 -6.69323e-05
0.0225056 -0.000418246
0.0232558 -0.000207094
0.024006 0.000629215
0.0247562 0.000802329
0.0255064 0.000165992
0.0262566 -0.00117016
0.0270068 -0.00135155
0.0277569 -0.00082889
0.0285071 -0.00158412
0.0292573 -0.000522857
0.0300075 -0.00159179
0.0307577 -0.00169675
0.0315079 -0.000431544
0.0322581 -0.00125442
0.0330083 -0.00115902
0.0337584 -0.000875663
0.0345086 -0.00142102
0.0352588 0.000832269
0.036009 0.00185749
0.0367592 0.00233989
0.0375094 0.00185518
0.0382596 0.00149235
0.0390098 0.00053021
0.0397599 0.00162187
0.0405101 -0.0017519
0.0412603 -0.00231119
0.0420105 -0.00179521
0.0427607 -0.00202845
0.0435109 -0.00183283
0.0442611 -0.00343159
0.0450113 -0.00421912
0.0457614 -0.00260837
0.0465116 -0.00190326
0.0472618 -0.00234789
0.048012 -0.0035121
0.0487622 -0.00350076
0.0495124 -0.00309637
0.0502626 -0.00216249
0.0510128 -0.00356757
0.0517629 -0.00636809
0.0525131 -0.00584997
0.0532633 -0.00523436
0.0540135 -0.0070691
0.0547637 -0.00510193
0.0555139 -0.00490515
0.0562641 -0.00503799
0.0570143 -0.00479712
0.0577644 -0.00405702
0.0585146 -0.00514564
0.0592648 -0.00582464
0.060015 -0.00613949
0.0607652 -0.00749799
0.0615154 -0.00807922
0.0622656 -0.00895113
0.0630158 -0.00986178
0.0637659 -0.00981141
0.0645161 -0.00963463
0.0652663 -0.00828816
0.0660165 -0.00844665
0.0667667 -0.00779581
0.0675169 -0.00739358
0.0682671 -0.00828581
0.0690173 -0.00930128
0.0697674 -0.00769548
0.0705176 -0.00805225
0.0712678 -0.00859687
0.072018 -0.00863334
0.0727682 -0.00844197
0.0735184 -0.00841702
0.0742686 -0.0079067
0.0750188 -0.00626997
0.0757689 -0.00636017
0.0765191 -0.00692477
0.0772693 -0.00683676
0.0780195 -0.00635447
0.0787697 -0.00646072
0.0795199 -0.00472149
0.0802701 -0.00215897
0.0810203 -0.00298006
0.0817704 -0.00121577
0.0825206 6.54197e-05
0.0832708 -0.000571766
0.084021 -0.000324442
0.0847712 0.000267659
0.0855214 8.03457e-05
0.0862716 0.000114139
0.0870218 -0.000234032
0.0877719 -0.00134334
0.0885221 -0.00143294
0.0892723 -0.00120907
0.0900225 -0.0013142
0.0907727 -0.00226402
0.0915229 -0.00242306
0.0922731 -0.00136429
0.0930233 0.00120766
0.0937734 0.000837058
0.0945236 0.000426147
0.0952738 0.00317394
0.096024 0.00184097
0.0967742 0.00226262
0.0975244 0.00270713
0.0982746 0.00505734
0.0990248 0.00666226
0.0997749 0.00754111
0.100525 0.00824584
0.101275 0.00720803
0.102026 0.00797569
0.102776 0.00832812
0.103526 0.00928435
0.104276 0.0111302
0.105026 0.0114391
0.105776 0.0108995
0.106527 0.0109104
0.107277 0.0113886
0.108027 0.0111258
0.108777 0.0126792
0.109527 0.013676
0.110278 0.0132751
0.111028 0.013273
0.111778 0.0135949
0.112528 0.0141359
0.113278 0.0136225
0.114029 0.0140226
0.114779 0.0132963
0.115529 0.0126057
0.116279 0.0126061
0.117029 0.0126446
0.117779 0.0130537
0.11853 0.0112368
0.11928 0.0115916
0.12003 0.0122748
0.12078 0.0105314
0.12153 0.00937632
0.122281 0.00742931
0.123031 0.006741
0.123781 0.00585206
0.124531 0.00599376
0.125281 0.00654227
0.126032 0.00532602
0.126782 0.0057076
0.127532 0.00583649
0.128282 0.00592186
0.129032 0.00661199
0.129782 0.00790128
0.130533 0.00947492
0.131283 0.0102865
0.132033 0.010913
0.132783 0.0112266
0.133533 0.0107799
0.134284 0.00957183
0.135034 0.00916676
0.135784 0.00854149
0.136534 0.00645517
0.137284 0.00609486
0.138035 0.00515736
0.138785 0.00463125
0.139535 0.0028423
0.140285 0.000131354
0.141035 -0.00073431
0.141785 -0.0013739
0.142536 -0.0010862
0.143286 -0.00126321
0.144036 -0.00177245
0.144786 -0.00154282
0.145536 -0.00358752
0.146287 -0.00416612
0.147037 -0.00394639
0.147787 -0.00473606
0.148537 -0.00491026
0.149287 -0.00369284
0.150038 -0.00484011
0.150788 -0.00548256
0.151538 -0.00439563
0.152288 -0.00488579
0.153038 -0.00500582
0.153788 -0.00440613
0.154539 -0.00459842
0.155289 -0.00624817
0.156039 -0.00443452
0.156789 -0.00452379
0.157539 -0.00639503
0.15829 -0.00583001
0.15904 -0.00486746
0.15979 -0.00288289
0.16054 -0.00238025
0.16129 -0.00202201
0.162041 -0.00209751
0.162791 -0.00120737
0.163541 0.000277072
0.164291 0.00160558
0.165041 0.00213941
0.165791 0.00228629
0.166542 0.00288353
0.167292 0.00349901
0.168042 0.00182344
0.168792 0.00146422
0.169542 0.00177755
0.170293 0.0023805
0.171043 0.00314316
0.171793 0.00366565
0.172543 0.00542506
0.173293 0.00794139
0.174044 0.00929668
0.174794 0.00820184
0.175544 0.00785542
0.176294 0.00697185
0.177044 0.00709221
0.177794 0.00704171
0.178545 0.00763701
0.179295 0.00827077
0.180045 0.00816007
0.180795 0.00816266
0.181545 0.00912763
0.182296 0.010652
0.183046 0.0105533
0.183796 0.0103388
0.184546 0.0110438
0.185296 0.0116799
0.186047 0.0111773
0.186797 0.0121131
0.187547 0.0118976
0.188297 0.0105042
0.189047 0.0112193
0.189797 0.0106531
0.190548 0.00880362
0.191298 0.00800693
0.192048 0.0059986
0.192798 0.00588421
0.193548 0.00591487
0.194299 0.0069531
0.195049 0.0077553
0.195799 0.00798804
0.196549 0.00898283
0.197299 0.00898689
0.19805 0.0088204
0.1988 0.00954252
0.19955 0.00942013
0.2003 0.00872866
0.20105 0.00841829
0.2018 0.00704057
0.202551 0.00626209
0.203301 0.00596379
0.204051 0.00504656
0.204801 0.00621124
0.205551 0.00586004
0.206302 0.00641436
0.207052 0.00631012
0.207802 0.00549986
0.208552 0.00686031
0.209302 0.00865907
0.210053 0.00897057
0.210803 0.00908125
0.211553 0.00803543
0.212303 0.00569816
0.213053 0.00311206
0.213803 0.00227119
0.214554 0.000583587
0.215304 7.44012e-05
0.216054 0.000647006
0.216804 0.00071843
0.217554 0.00268276
0.218305 0.00301667
0.219055 0.0037022
0.219805 0.00192806
0.220555 0.00140081
0.221305 0.00124769
0.222056 0.00232843
0.222806 0.00205836
0.223556 0.00102475
0.224306 0.000595466
0.225056 -0.000280749
0.225806 -0.00176669
0.226557 0.000418627
0.227307 0.00101292
0.228057 0.00152949
0.228807 0.00223067
0.229557 0.00378408
0.230308 0.00190688
0.231058 0.00149817
0.231808 0.00352618
0.232558 0.00482874
0.233308 0.00779507
0.234059 0.00820482
0.234809 0.00818544
0.235559 0.00854906
0.236309 0.0076794
0.237059 0.00738202
0.237809 0.0073422
0.23856 0.00595411
0.23931 0.00533354
0.24006 0.00492529
0.24081 0.00648662
0.24156 0.00671932
0.242311 0.00697216
0.243061 0.00824767
0.243811 0.00936417
0.244561 0.0108785
0.245311 0.0100911
0.246062 0.0104662
0.246812 0.0103434
0.247562 0.00951028
0.248312 0.010507
0.249062 0.00988787
0.249812 0.00912554
0.250563 0.00950396
0.251313 0.00905105
0.252063 0.00774538
0.252813 0.00735735
0.253563 0.00711391
0.254314 0.00805194
0.255064 0.00840518
0.255814 0.008668
0.256564 0.00744905
0.257314 0.00777386
0.258065 0.00728487
0.258815 0.00640301
0.259565 0.00699675
0.260315 0.00659991
0.261065 0.00864368
0.261815 0.00943838
0.262566 0.00903298
0.263316 0.00623785
0.264066 0.00667812
0.264816 0.00598019
0.265566 0.00637575
0.266317 0.00552707
0.267067 0.00507504
0.267817 0.00271633
0.268567 0.00288824
0.269317 0.00156944
0.270068 0.000739738
0.270818 0.000303785
0.271568 0.000920628
0.272318 0.00255029
0.273068 -0.000211003
0.273818 -0.00203315
0.274569 -0.00243166
0.275319 -0.00261787
0.276069 -0.00140715
0.276819 -0.00367569
0.277569 -0.00388783
0.27832 -0.00226013
0.27907 -0.00238311
0.27982 -0.000865362
0.28057 0.00124527
0.28132 0.0014296
0.282071 -0.000429532
0.282821 -0.00113237
0.283571 -0.00186948
0.284321 -0.0027766
0.285071 -0.00249088
0.285821 -0.00323378
0.286572 -0.00322992
0.287322 -0.00542699
0.288072 -0.00435202
0.288822 -0.00466113
0.289572 -0.00569107
0.290323 -0.00520905
0.291073 -0.00657301
0.291823 -0.00665972
0.292573 -0.00787025
0.293323 -0.00899947
0.294074 -0.00920778
0.294824 -0.00881243
0.295574 -0.00852154
0.296324 -0.00902466
0.297074 -0.0080893
0.297824 -0.00672522
0.298575 -0.00726797
0.299325 -0.00641292
0.300075 -0.00695909
0.300825 -0.00790708
0.301575 -0.00838495
0.302326 -0.00916237
0.303076 -0.00920188
0.303826 -0.00826092
0.304576 -0.00593815
0.305326 -0.00634723
0.306077 -0.00410216
0.306827 -0.00295292
0.307577 -0.00115046
0.308327 -0.000149208
0.309077 -0.000280199
0.309827 -0.000362898
0.310578 0.00166189
0.311328 0.00252417
0.312078 0.00234324
0.312828 0.00287649
0.313578 0.00178951
0.314329 0.00442735
0.315079 0.00459942
0.315829 0.0027855
0.316579 0.00366427
0.317329 0.00275397
0.31808 0.0035559
0.31883 0.00316187
0.31958 0.00235216
0.32033 0.00141418
0.32108 0.000374493
0.32183 0.000331203
0.322581 0.00127384
0.323331 0.000861937
0.324081 0.00119005
0.324831 -0.000189415
0.325581 0.00111421
0.326332 -0.000608787
0.327082 -0.000510112
0.327832 -0.000254694
0.328582 0.000752242
0.329332 0.000695686
0.330083 0.00143321
0.330833 0.00183068
0.331583 0.00157509
0.332333 0.00357834
0.333083 0.00351391
0.333833 0.00560994
0.334584 0.00769936
0.335334 0.0094907
0.336084 0.0105398
0.336834 0.0115267
0.337584 0.0103032
0.338335 0.0101255
0.339085 0.00982117
0.339835 0.0124822
0.340585 0.0128078
0.341335 0.014185
0.342086 0.0153163
0.342836 0.0161065
0.343586 0.0170163
0.344336 0.0176496
0.345086 0.0173202
0.345836 0.0177482
0.346587 0.0177214
0.347337 0.0172453
0.348087 0.017138
0.348837 0.018207
0.349587 0.0190857
0.350338 0.0187244
0.351088 0.018516
0.351838 0.0160847
0.352588 0.015593
0.353338 0.0161373
0.354089 0.0156727
0.354839 0.017051
0.355589 0.0147464
0.356339 0.0168168
0.357089 0.0185099
0.357839 0.01839
0.35859 0.0189958
0.35934 0.0200796
0.36009 0.0205563
0.36084 0.0205919
0.36159 0.0218927
0.362341 0.0231235
0.363091 0.0240052
0.363841 0.0239679
0.364591 0.0260196
0.365341 0.0277273
0.366092 0.0284344
0.366842 0.0292489
0.367592 0.0318633
0.368342 0.0316408
0.369092 0.0349145
0.369842 0.0370561
0.370593 0.0376331
0.371343 0.0382558
0.372093 0.0403543
0.372843 0.0407224
0.373593 0.0406871
0.374344 0.0431466
0.375094 0.0442198
0.375844 0.0455467
0.376594 0.0468708
0.377344 0.0489402
0.378095 0.0495614
0.378845 0.0521477
0.379595 0.0520149
0.380345 0.0544171
0.381095 0.055176
0.381845 0.0566938
0.382596 0.0582415
0.383346 0.0589422
0.384096 0.0603958
0.384846 0.0613963
0.385596 0.0626856
0.386347 0.0645761
0.387097 0.0662363
0.387847 0.0686792
0.388597 0.0691742
0.389347 0.0721806
0.390098 0.074577
0.390848 0.0762698
0.391598 0.08142
0.392348 0.0845511
0.393098 0.0891434
0.393848 0.0912377
0.394599 0.0943392
0.395349 0.0976195
0.396099 0.100618
0.396849 0.105132
0.397599 0.109199
0.39835 0.112924
0.3991 0.115367
0.39985 0.117268
0.4006 0.11972
0.40135 0.123099
0.402101 0.128654
0.402851 0.131282
0.403601 0.134665
0.404351 0.137882
0.405101 0.141098
0.405851 0.143091
0.406602 0.146835
0.407352 0.152015
0.408102 0.154626
0.408852 0.157794
0.409602 0.162483
0.410353 0.163555
0.411103 0.165707
0.411853 0.169666
0.412603 0.174203
0.413353 0.177864
0.414104 0.18461
0.414854 0.189903
0.415604 0.19314
0.416354 0.198013
0.417104 0.201696
0.417854 0.206683
0.418605 0.210522
0.419355 0.216045
0.420105 0.220269
0.420855 0.225765
0.421605 0.229685
0.422356 0.233639
0.423106 0.238317
0.423856 0.243347
0.424606 0.250697
0.425356 0.257664
0.426107 0.2628
0.426857 0.268011
0.427607 0.273126
0.428357 0.277466
0.429107 0.282438
0.429857 0.289915
0.430608 0.294288
0.431358 0.300304
0.432108 0.307259
0.432858 0.312058
0.433608 0.318002
0.434359 0.32324
0.435109 0.329804
0.435859 0.335464
0.436609 0.342064
0.437359 0.348781
0.43811 0.354978
0.43886 0.360071
0.43961 0.36487
0.44036 0.370832
0.44111 0.378987
0.44186 0.386146
0.442611 0.394051
0.443361 0.399761
0.444111 0.40815
0.444861 0.415499
0.445611 0.421777
0.446362 0.427791
0.447112 0.435223
0.447862 0.440671
0.448612 0.447594
0.449362 0.454778
0.450113 0.460438
0.450863 0.4653
0.451613 0.473363
0.452363 0.480921
0.453113 0.486354
0.453863 0.493148
0.454614 0.498824
0.455364 0.503665
0.456114 0.508641
0.456864 0.515086
0.457614 0.522207
0.458365 0.529204
0.459115 0.535249
0.459865 0.542143
0.460615 0.547774
0.461365 0.553888
0.462116 0.560465
0.462866 0.567187
0.463616 0.574194
0.464366 0.581758
0.465116 0.587987
0.465866 0.592585
0.466617 0.596995
0.467367 0.603213
0.468117 0.609623
0.468867 0.615657
0.469617 0.621684
0.470368 0.628364
0.471118 0.634142
0.471868 0.637923
0.472618 0.642505
0.473368 0.646021
0.474119 0.649788
0.474869 0.653088
0.475619 0.658309
0.476369 0.663118
0.477119 0.667866
0.477869 0.67091
0.47862 0.673962
0.47937 0.678485
0.48012 0.681299
0.48087 0.686173
0.48162 0.691824
0.482371 0.696153
0.483121 0.700688
0.483871 0.70285
0.484621 0.706488
0.485371 0.707916
0.486122 0.710489
0.486872 0.714103
0.487622 0.717423
0.488372 0.720307
0.489122 0.722903
0.489872 0.724573
0.490623 0.726993
0.491373 0.730287
0.492123 0.733685
0.492873 0.734341
0.493623 0.736589
0.494374 0.73847
0.495124 0.739053
0.495874 0.741299
0.496624 0.743547
0.497374 0.745514
0.498125 0.74573
0.498875 0.745521
0.499625 0.745957
0.500375 0.744343
0.501125 0.743438
0.501875 0.743545
0.502626 0.743525
0.503376 0.743957
0.504126 0.74289
0.504876 0.740119
0.505626 0.738821
0.506377 0.738316
0.507127 0.737491
0.507877 0.736113
0.508627 0.73431
0.509377 0.730698
0.510128 0.728407
0.510878 0.72648
0.511628 0.724044
0.512378 0.719992
0.513128 0.718748
0.513878 0.71615
0.514629 0.715404
0.515379 0.71289
0.516129 0.710153
0.516879 0.706728
0.517629 0.703847
0.51838 0.700181
0.51913 0.69835
0.51988 0.695857
0.52063 0.69243
0.52138 0.689354
0.522131 0.6854
0.522881 0.679663
0.523631 0.673697
0.524381 0.668718
0.525131 0.663994
0.525881 0.658889
0.526632 0.654174
0.527382 0.649347
0.528132 0.642067
0.528882 0.637048
0.529632 0.631427
0.530383 0.624976
0.531133 0.621333
0.531883 0.614765
0.532633 0.60691
0.533383 0.60162
0.534134 0.597874
0.534884 0.591073
0.535634 0.586554
0.536384 0.58158
0.537134 0.575119
0.537884 0.568915
0.538635 0.562669
0.539385 0.557163
0.540135 0.550938
0.540885 0.544166
0.541635 0.539789
0.542386 0.533714
0.543136 0.527876
0.543886 0.521387
0.544636 0.5133
0.545386 0.507037
0.546137 0.501611
0.546887 0.494258
0.547637 0.487165
0.548387 0.47989
0.549137 0.473814
0.549887 0.469325
0.550638 0.463897
0.551388 0.457621
0.552138 0.451522
0.552888 0.444388
0.553638 0.438279
0.554389 0.430266
0.555139 0.423105
0.555889 0.41516
0.556639 0.407351
0.557389 0.401735
0.55814 0.394913
0.55889 0.387786
0.55964 0.382282
0.56039 0.376435
0.56114 0.367619
0.56189 0.359592
0.562641 0.352218
0.563391 0.343912
0.564141 0.338664
0.564891 0.331936
0.565641 0.324834
0.566392 0.318591
0.567142 0.310561
0.567892 0.305533
0.568642 0.299072
0.569392 0.295246
0.570143 0.290036
0.570893 0.283518
0.571643 0.278899
0.572393 0.271368
0.573143 0.266044
0.573893 0.263194
0.574644 0.257999
0.575394 0.252234
0.576144 0.247801
0.576894 0.240623
0.577644 0.233316
0.578395 0.228484
0.579145 0.221528
0.579895 0.215417
0.580645 0.210466
0.581395 0.205559
0.582146 0.200726
0.582896 0.194919
0.583646 0.189087
0.584396 0.183968
0.585146 0.179657
0.585896 0.176086
0.586647 0.171472
0.587397 0.16809
0.588147 0.165841
0.588897 0.162082
0.589647 0.157978
0.590398 0.153702
0.591148 0.148887
0.591898 0.144818
0.592648 0.141591
0.593398 0.136706
0.594149 0.132927
0.594899 0.130298
0.595649 0.126825
0.596399 0.12301
0.597149 0.118966
0.597899 0.116102
0.59865 0.112869
0.5994 0.109226
0.60015 0.10643
0.6009 0.102744
0.60165 0.0992775
0.602401 0.0968663
0.603151 0.0950174
0.603901 0.0941445
0.604651 0.0931254
0.605401 0.0895328
0.606152 0.0870107
0.606902 0.0848331
0.607652 0.0829524
0.608402 0.0812921
0.609152 0.0792608
0.609902 0.076963
0.610653 0.0739377
0.611403 0.0698465
0.612153 0.0687389
0.612903 0.0670299
0.613653 0.066072
0.614404 0.0635374
0.615154 0.0604913
0.615904 0.0588811
0.616654 0.0576097
0.617404 0.0554665
0.618155 0.0549919
0.618905 0.0544361
0.619655 0.0531235
0.620405 0.0522585
0.621155 0.0525214
0.621905 0.0505067
0.622656 0.0488614
0.623406 0.0480733
0.624156 0.0484185
0.624906 0.0480526
0.625656 0.0455687
0.626407 0.0437609
0.627157 0.0429988
0.627907 0.0421357
0.628657 0.0421645
0.629407 0.0393436
0.630158 0.0388901
0.630908 0.0383799
0.631658 0.0367643
0.632408 0.0357069
0.633158 0.0347613
0.633908 0.0353517
0.634659 0.035299
0.635409 0.0361355
0.636159 0.033166
0.636909 0.033978
0.637659 0.0340468
0.63841 0.0358288
0.63916 0.03476
0.63991 0.0337166
0.64066 0.033596
0.64141 0.0333945
0.642161 0.0316293
0.642911 0.0298019
0.643661 0.0297867
0.644411 0.0275776
0.645161 0.0255233
0.645911 0.0252793
0.646662 0.0248896
0.647412 0.0254298
0.648162 0.0239792
0.648912 0.0230194
0.649662 0.0230548
0.650413 0.0209004
0.651163 0.0209405
0.651913 0.0207055
0.652663 0.022478
0.653413 0.0219165
0.654164 0.0220797
0.654914 0.0207054
0.655664 0.0219183
0.656414 0.0209413
0.657164 0.0199702
0.657914 0.0178599
0.658665 0.0180714
0.659415 0.0175256
0.660165 0.0153397
0.660915 0.0140499
0.661665 0.0157406
0.662416 0.0140049
0.663166 0.0143207
0.663916 0.0132595
0.664666 0.0121635
0.665416 0.0115198
0.666167 0.0121476
0.666917 0.0125057
0.667667 0.0132496
0.668417 0.0123513
0.669167 0.0119002
0.669917 0.00977596
0.670668 0.008893
0.671418 0.00811435
0.672168 0.00679669
0.672918 0.00744829
0.673668 0.00664448
0.674419 0.0067861
0.675169 0.00629436
0.675919 0.00589755
0.676669 0.00550371
0.677419 0.00781286
0.67817 0.00755181
0.67892 0.00728961
0.67967 0.00532501
0.68042 0.00683395
0.68117 0.00570929
0.68192 0.00414315
0.682671 0.0041579
0.683421 0.00562712
0.684171 0.00596089
0.684921 0.00658127
0.685671 0.00819184
0.686422 0.00964948
0.687172 0.0102529
0.687922 0.0110201
0.688672 0.00946548
0.689422 0.00869542
0.690173 0.0101092
0.690923 0.00962397
0.691673 0.00949256
0.692423 0.0102718
0.693173 0.0103433
0.693923 0.00778078
0.694674 0.00764485
0.695424 0.00631952
0.696174 0.0074174
0.696924 0.00832961
0.697674 0.00892524
0.698425 0.00861884
0.699175 0.00893439
0.699925 0.00825611
0.700675 0.00823116
0.701425 0.0104314
0.702176 0.0110209
0.702926 0.0101572
0.703676 0.011006
0.704426 0.0106608
0.705176 0.010398
0.705926 0.00974754
0.706677 0.00972406
0.707427 0.00808375
0.708177 0.00790858
0.708927 0.0078795
0.709677 0.00927559
0.710428 0.0093214
0.711178 0.00888091
0.711928 0.0101142
0.712678 0.00891098
0.713428 0.0105871
0.714179 0.0086115
0.714929 0.00894672
0.715679 0.0101895
0.716429 0.00914795
0.717179 0.00978731
0.717929 0.00906827
0.71868 0.00788255
0.71943 0.00711692
0.72018 0.00627689
0.72093 0.00661383
0.72168 0.0063782
0.722431 0.00819358
0.723181 0.00905728
0.723931 0.00898449
0.724681 0.00834466
0.725431 0.00811894
0.726182 0.00821932
0.726932 0.00723215
0.727682 0.00623896
0.728432 0.00549384
0.729182 0.00465534
0.729932 0.0165143
0.730683 0.0304737
0.731433 0.0407893
0.732183 0.0533827
0.732933 0.0670429
0.733683 0.0795555
0.734434 0.0916186
0.735184 0.107143
0.735934 0.120967
0.736684 0.134859
0.737434 0.147499
0.738185 0.159509
0.738935 0.173724
0.739685 0.188786
0.740435 0.201046
0.741185 0.215586
0.741935 0.228258
0.742686 0.242389
0.743436 0.255612
0.744186 0.267939
0.744936 0.282495
0.745686 0.295679
0.746437 0.309495
0.747187 0.32447
0.747937 0.337877
0.748687 0.35376
0.749437 0.368091
0.750188 0.382131
0.750938 0.394776
0.751688 0.410142
0.752438 0.425538
0.753188 0.43825
0.753938 0.452468
0.754689 0.465658
0.755439 0.482092
0.756189 0.497146
0.756939 0.510502
0.757689 0.524512
0.75844 0.539444
0.75919 0.552554
0.75994 0.567005
0.76069 0.582943
0.76144 0.596392
0.762191 0.609812
0.762941 0.621829
0.763691 0.633886
0.764441 0.647225
0.765191 0.658455
0.765941 0.671501
0.766692 0.685964
0.767442 0.696438
0.768192 0.708668
0.768942 0.721359
0.769692 0.733372
0.770443 0.744507
0.771193 0.745339
0.771943 0.745664
0.772693 0.745468
0.773443 0.744887
0.774194 0.745362
0.774944 0.744535
0.775694 0.744644
0.776444 0.742284
0.777194 0.74194
0.777944 0.741842
0.778695 0.741223
0.779445 0.74037
0.780195 0.740062
0.780945 0.739268
0.781695 0.740912
0.782446 0.740409
0.783196 0.742372
0.783946 0.740815
0.784696 0.741251
0.785446 0.741749
0.786197 0.741738
0.786947 0.74161
0.787697 0.742578
0.788447 0.742735
0.789197 0.742374
0.789947 0.741449
0.790698 0.741908
0.791448 0.741683
0.792198 0.74271
0.792948 0.741103
0.793698 0.741029
0.794449 0.74186
0.795199 0.742842
0.795949 0.743276
0.796699 0.742877
0.797449 0.740781
0.7982 0.741204
0.79895 0.740736
0.7997 0.738707
0.80045 0.739575
0.8012 0.736656
0.80195 0.734497
0.802701 0.734768
0.803451 0.734121
0.804201 0.734718
0.804951 0.73573
0.805701 0.735251
0.806452 0.735763
0.807202 0.734201
0.807952 0.732863
0.808702 0.734082
0.809452 0.735474
0.810203 0.735511
0.810953 0.735958
0.811703 0.735826
0.812453 0.735636
0.813203 0.734751
0.813953 0.736014
0.814704 0.736435
0.815454 0.736008
0.816204 0.735132
0.816954 0.734916
0.817704 0.73646
0.818455 0.738132
0.819205 0.738043
0.819955 0.739825
0.820705 0.739368
0.821455 0.738815
0.822206 0.737666
0.822956 0.738051
0.823706 0.738406
0.824456 0.737548
0.825206 0.739588
0.825956 0.73935
0.826707 0.741349
0.827457 0.74153
0.828207 0.741702
0.828957 0.740616
0.829707 0.740583
0.830458 0.73992
0.831208 0.739974
0.831958 0.740154
0.832708 0.739272
0.833458 0.737614
0.834209 0.736737
0.834959 0.736049
0.835709 0.737632
0.836459 0.737422
0.837209 0.735911
0.837959 0.735493
0.83871 0.735968
0.83946 0.735965
0.84021 0.736374
0.84096 0.737643
0.84171 0.737428
0.842461 0.740668
0.843211 0.741917
0.843961 0.742601
0.844711 0.742771
0.845461 0.741952
0.846212 0.740621
0.846962 0.742182
0.847712 0.742804
0.848462 0.743572
0.849212 0.743824
0.849962 0.743518
0.850713 0.743323
0.851463 0.743664
0.852213 0.74367
0.852963 0.744845
0.853713 0.745172
0.854464 0.744346
0.855214 0.744185
0.855964 0.743343
0.856714 0.742679
0.857464 0.742957
0.858215 0.742538
0.858965 0.740512
0.859715 0.739284
0.860465 0.73942
0.861215 0.736142
0.861965 0.737299
0.862716 0.736929
0.863466 0.737222
0.864216 0.73625
0.864966 0.734572
0.865716 0.735714
0.866467 0.735514
0.867217 0.733844
0.867967 0.731986
0.868717 0.731324
0.869467 0.731807
0.870218 0.732586
0.870968 0.733814
0.871718 0.735951
0.872468 0.73598
0.873218 0.736205
0.873968 0.736337
0.874719 0.737515
0.875469 0.739187
0.876219 0.739011
0.876969 0.73793
0.877719 0.737449
0.87847 0.737526
0.87922 0.737924
0.87997 0.737815
0.88072 0.736568
0.88147 0.735153
0.882221 0.734252
0.882971 0.733381
0.883721 0.734221
0.884471 0.733402
0.885221 0.732471
0.885971 0.732551
0.886722 0.734579
0.887472 0.734514
0.888222 0.732261
0.888972 0.732168
0.889722 0.733273
0.890473 0.733817
0.891223 0.734572
0.891973 0.734227
0.892723 0.734411
0.893473 0.73442
0.894224 0.733271
0.894974 0.733679
0.895724 0.735662
0.896474 0.73549
0.897224 0.735473
0.897974 0.736184
0.898725 0.736719
0.899475 0.738164
0.900225 0.741302
0.900975 0.740544
0.901725 0.740848
0.902476 0.743125
0.903226 0.742541
0.903976 0.743069
0.904726 0.742962
0.905476 0.743284
0.906227 0.743682
0.906977 0.743167
0.907727 0.740865
0.908477 0.741993
0.909227 0.741607
0.909977 0.741349
0.910728 0.742093
0.911478 0.742649
0.912228 0.742093
0.912978 0.739742
0.913728 0.740494
0.914479 0.738413
0.915229 0.739314
0.915979 0.738122
0.916729 0.73723
0.917479 0.736543
0.91823 0.736038
0.91898 0.735458
0.91973 0.73615
0.92048 0.733945
0.92123 0.734005
0.92198 0.733628
0.922731 0.734279
0.923481 0.73523
0.924231 0.735552
0.924981 0.735202
0.925731 0.735011
0.926482 0.735043
0.927232 0.735047
0.927982 0.734859
0.928732 0.736014
0.929482 0.737666
0.930233 0.736628
0.930983 0.736217
0.931733 0.734507
0.932483 0.734293
0.933233 0.733378
0.933983 0.732523
0.934734 0.731829
0.935484 0.73291
0.936234 0.732737
0.936984 0.731708
0.937734 0.730905
0.938485 0.731266
0.939235 0.731754
0.939985 0.731373
0.940735 0.730759
0.941485 0.728929
0.942236 0.728459
0.942986 0.72727
0.943736 0.727678
0.944486 0.728705
0.945236 0.729366
0.945986 0.730562
0.946737 0.730875
0.947487 0.731477
0.948237 0.730119
0.948987 0.732117
0.949737 0.733158
0.950488 0.734234
0.951238 0.734586
0.951988 0.733886
0.952738 0.73297
0.953488 0.731419
0.954239 0.732502
0.954989 0.73268
0.955739 0.734637
0.956489 0.734745
0.957239 0.735521
0.957989 0.735036
0.95874 0.735769
0.95949 0.735288
0.96024 0.736088
0.96099 0.735881
0.96174 0.738811
0.962491 0.739894
0.963241 0.741135
0.963991 0.741037
0.964741 0.74055
0.965491 0.741201
0.966242 0.739148
0.966992 0.740493
0.967742 0.740991
0.968492 0.740975
0.969242 0.739373
0.969992 0.739796
0.970743 0.738527
0.971493 0.739468
0.972243 0.739779
0.972993 0.740126
0.973743 0.740984
0.974494 0.740173
0.975244 0.73918
0.975994 0.738653
0.976744 0.738201
0.977494 0.738337
0.978245 0.738317
0.978995 0.740617
0.979745 0.741229
0.980495 0.73978
0.981245 0.739015
0.981995 0.739145
0.982746 0.740491
0.983496 0.741656
0.984246 0.742116
0.984996 0.741888
0.985746 0.739582
0.986497 0.739012
0.987247 0.738839
0.987997 0.737525
0.988747 0.737836
0.989497 0.739241
0.990248 0.739057
0.990998 0.738834
0.991748 0.737942
0.992498 0.737555
0.993248 0.737821
0.993998 0.738031
0.994749 0.738974
0.995499 0.738741
0.996249 0.73858
0.996999 0.73771
0.997749 0.737405
0.9985 0.737881
0.99925 0.739436
1 0.740365
1.00075 0.74132
1.0015 0.74206
1.00225 0.742769
1.003 0.740994
1.00375 0.740841
1.0045 0.739434
1.00525 0.740417
1.006 0.740402
1.00675 0.740419
1.0075 0.742178
1.00825 0.741651
1.009 0.741233
1.00975 0.740267
1.0105 0.740433
1.01125 0.740414
1.012 0.741312
1.01275 0.74108
1.0135 0.74015
1.01425 0.740849
1.015 0.739876
1.01575 0.740285
1.0165 0.741099
1.01725 0.741543
1.018 0.740543
1.01875 0.740427
1.0195 0.741428
1.02026 0.739074
1.02101 0.738194
1.02176 0.73788
1.02251 0.73977
1.02326 0.740297
1.02401 0.74103
1.02476 0.741493
1.02551 0.741815
1.02626 0.741757
1.02701 0.743185
1.02776 0.743585
1.02851 0.742944
1.02926 0.743934
1.03001 0.742856
1.03076 0.742325
1.03151 0.743001
1.03226 0.742758
1.03301 0.741915
1.03376 0.742584
1.03451 0.743213
1.03526 0.744537
1.03601 0.745107
1.03676 0.744896
1.03751 0.745198
1.03826 0.744742
1.03901 0.746068
1.03976 0.74643
1.04051 0.745781
1.04126 0.745557
1.04201 0.744935
1.04276 0.744899
1.04351 0.745309
1.04426 0.745089
1.04501 0.74374
1.04576 0.743684
1.04651 0.742587
1.04726 0.743142
1.04801 0.742957
1.04876 0.743678
1.04951 0.744068
1.05026 0.744189
1.05101 0.746204
1.05176 0.748012
1.05251 0.747603
1.05326 0.747756
1.05401 0.747526
1.05476 0.747767
1.05551 0.747282
1.05626 0.747433
1.05701 0.749114
1.05776 0.749328
1.05851 0.749182
1.05926 0.750521
1.06002 0.750392
1.06077 0.749137
1.06152 0.75067
1.06227 0.752252
1.06302 0.751532
1.06377 0.75042
1.06452 0.749585
1.06527 0.748104
1.06602 0.74699
1.06677 0.748038
1.06752 0.747481
1.06827 0.747875
1.06902 0.746955
1.06977 0.747932
1.07052 0.748914
1.07127 0.75089
1.07202 0.7501
1.07277 0.750128
1.07352 0.750524
1.07427 0.751976
1.07502 0.751975
1.07577 0.751589
1.07652 0.751981
1.07727 0.751689
1.07802 0.751933
1.07877 0.750956
1.07952 0.751296
1.08027 0.749465
1.08102 0.749118
1.08177 0.749325
1.08252 0.748255
1.08327 0.74803
1.08402 0.747576
1.08477 0.747816
1.08552 0.748702
1.08627 0.747351
1.08702 0.748933
1.08777 0.748775
1.08852 0.748314
1.08927 0.748185
1.09002 0.746394
1.09077 0.746468
1.09152 0.747321
1.09227 0.745986
1.09302 0.745071
1.09377 0.745194
1.09452 0.743509
1.09527 0.743977
1.09602 0.744355
1.09677 0.746179
1.09752 0.747579
1.09827 0.748436
1.09902 0.749164
1.09977 0.749644
1.10053 0.751115
1.10128 0.751597
1.10203 0.752425
1.10278 0.753085
1.10353 0.752308
1.10428 0.753011
1.10503 0.754097
1.10578 0.753737
1.10653 0.755275
1.10728 0.754807
1.10803 0.753598
1.10878 0.755603
1.10953 0.756878
1.11028 0.757587
1.11103 0.759602
1.11178 0.758179
1.11253 0.758008
1.11328 0.761679
1.11403 0.761608
1.11478 0.761704
1.11553 0.762435
1.11628 0.762723
1.11703 0.763761
1.11778 0.763543
1.11853 0.764909
1.11928 0.766922
1.12003 0.769691
1.12078 0.772086
1.12153 0.774159
1.12228 0.774614
1.12303 0.777286
1.12378 0.779711
1.12453 0.779828
1.12528 0.780423
1.12603 0.781255
1.12678 0.783512
1.12753 0.787585
1.12828 0.788186
1.12903 0.790303
1.12978 0.791707
1.13053 0.794029
1.13128 0.795413
1.13203 0.796388
1.13278 0.798798
1.13353 0.800801
1.13428 0.801962
1.13503 0.803654
1.13578 0.807594
1.13653 0.809302
1.13728 0.811239
1.13803 0.812372
1.13878 0.81364
1.13953 0.816616
1.14029 0.818219
1.14104 0.819961
1.14179 0.821177
1.14254 0.823146
1.14329 0.826453
1.14404 0.828557
1.14479 0.83147
1.14554 0.835013
1.14629 0.836205
1.14704 0.84077
1.14779 0.843066
1.14854 0.846956
1.14929 0.85078
1.15004 0.853766
1.15079 0.855644
1.15154 0.858858
1.15229 0.861373
1.15304 0.865957
1.15379 0.868754
1.15454 0.870443
1.15529 0.873682
1.15604 0.877089
1.15679 0.88049
1.15754 0.884353
1.15829 0.887809
1.15904 0.893163
1.15979 0.896409
1.16054 0.899005
1.16129 0.901715
1.16204 0.905615
1.16279 0.909729
1.16354 0.915048
1.16429 0.917766
1.16504 0.922691
1.16579 0.929558
1.16654 0.933888
1.16729 0.937159
1.16804 0.941112
1.16879 0.944924
1.16954 0.950086
1.17029 0.95472
1.17104 0.95839
1.17179 0.963165
1.17254 0.969382
1.17329 0.974444
1.17404 0.977638
1.17479 0.981035
1.17554 0.987076
1.17629 0.993293
1.17704 0.997665
1.17779 1.00426
1.17854 1.00933
1.17929 1.01407
1.18005 1.01952
1.1808 1.02368
1.18155 1.03081
1.1823 1.0365
1.18305 1.04196
1.1838 1.04839
1.18455 1.05388
1.1853 1.05891
1.18605 1.06559
1.1868 1.07212
1.18755 1.07965
1.1883 1.08458
1.18905 1.09181
1.1898 1.09597
1.19055 1.10264
1.1913 1.10858
1.19205 1.11474
1.1928 1.12222
1.19355 1.1273
1.1943 1.1339
1.19505 1.14038
1.1958 1.14742
1.19655 1.15437
1.1973 1.16171
1.19805 1.17075
1.1988 1.17851
1.19955 1.18538
1.2003 1.19084
1.20105 1.19848
1.2018 1.20573
1.20255 1.211
1.2033 1.21722
1.20405 1.22388
1.2048 1.22949
1.20555 1.23503
1.2063 1.2395
1.20705 1.24561
1.2078 1.25245
1.20855 1.25888
1.2093 1.26451
1.21005 1.27109
1.2108 1.2758
1.21155 1.28343
1.2123 1.28985
1.21305 1.29668
1.2138 1.30188
1.21455 1.30695
1.2153 1.31407
1.21605 1.32212
1.2168 1.32759
1.21755 1.33298
1.2183 1.33886
1.21905 1.34411
1.2198 1.34942
1.22056 1.35383
1.22131 1.35856
1.22206 1.3642
1.22281 1.36678
1.22356 1.3732
1.22431 1.37936
1.22506 1.38302
1.22581 1.38594
1.22656 1.39095
1.22731 1.39545
1.22806 1.39883
1.22881 1.40269
1.22956 1.40664
1.23031 1.40886
1.23106 1.41428
1.23181 1.4167
1.23256 1.41939
1.23331 1.42278
1.23406 1.42464
1.23481 1.42749
1.23556 1.4292
1.23631 1.43241
1.23706 1.43415
1.23781 1.43693
1.23856 1.43956
1.23931 1.43987
1.24006 1.4406
1.24081 1.44112
1.24156 1.44247
1.24231 1.44275
1.24306 1.44438
1.24381 1.44663
1.24456 1.44751
1.24531 1.44903
1.24606 1.45063
1.24681 1.45273
1.24756 1.45427
1.24831 1.45452
1.24906 1.4542
1.24981 1.45586
1.25056 1.4559
1.25131 1.45663
1.25206 1.45771
1.25281 1.45546
1.25356 1.45662
1.25431 1.4556
1.25506 1.45363
1.25581 1.45431
1.25656 1.45192
1.25731 1.45074
1.25806 1.44904
1.25881 1.44607
1.25956 1.44534
1.26032 1.44301
1.26107 1.44165
1.26182 1.43939
1.26257 1.43685
1.26332 1.43261
1.26407 1.43047
1.26482 1.42744
1.26557 1.42255
1.26632 1.41988
1.26707 1.41918
1.26782 1.41551
1.26857 1.41053
1.26932 1.40786
1.27007 1.40325
1.27082 1.39909
1.27157 1.394
1.27232 1.39031
1.27307 1.38648
1.27382 1.38193
1.27457 1.37805
1.27532 1.37256
1.27607 1.36796
1.27682 1.36418
1.27757 1.35952
1.27832 1.3542
1.27907 1.34883
1.27982 1.34264
1.28057 1.33738
1.28132 1.33233
1.28207 1.32852
1.28282 1.32312
1.28357 1.31709
1.28432 1.31083
1.28507 1.30547
1.28582 1.29908
1.28657 1.29121
1.28732 1.28438
1.28807 1.27859
1.28882 1.2721
1.28957 1.2671
1.29032 1.26117
1.29107 1.25376
1.29182 1.24725
1.29257 1.24023
1.29332 1.23392
1.29407 1.22831
1.29482 1.22004
1.29557 1.21184
1.29632 1.20774
1.29707 1.20021
1.29782 1.19307
1.29857 1.18641
1.29932 1.17984
1.30008 1.17428
1.30083 1.16784
1.30158 1.16327
1.30233 1.15652
1.30308 1.15083
1.30383 1.14566
1.30458 1.14059
1.30533 1.13452
1.30608 1.1283
1.30683 1.12185
1.30758 1.11511
1.30833 1.1077
1.30908 1.10298
1.30983 1.0985
1.31058 1.09331
1.31133 1.08794
1.31208 1.08274
1.31283 1.07728
1.31358 1.07221
1.31433 1.06711
1.31508 1.05984
1.31583 1.05362
1.31658 1.04853
1.31733 1.04347
1.31808 1.0371
1.31883 1.0305
1.31958 1.02618
1.32033 1.02085
1.32108 1.01614
1.32183 1.00905
1.32258 1.00282
1.32333 0.999121
1.32408 0.995209
1.32483 0.991776
1.32558 0.988771
1.32633 0.982235
1.32708 0.977199
1.32783 0.973577
1.32858 0.969527
1.32933 0.9649
1.33008 0.959924
1.33083 0.952911
1.33158 0.948076
1.33233 0.943298
1.33308 0.938362
1.33383 0.933581
1.33458 0.929346
1.33533 0.924229
1.33608 0.92028
1.33683 0.916795
1.33758 0.910592
1.33833 0.906853
1.33908 0.905913
1.33983 0.902256
1.34059 0.898763
1.34134 0.893484
1.34209 0.891315
1.34284 0.8858
1.34359 0.881608
1.34434 0.877985
1.34509 0.874282
1.34584 0.869902
1.34659 0.867931
1.34734 0.863848
1.34809 0.862316
1.34884 0.860161
1.34959 0.857212
1.35034 0.852719
1.35109 0.849555
1.35184 0.846489
1.35259 0.843012
1.35334 0.840639
1.35409 0.83794
1.35484 0.833803
1.35559 0.830575
1.35634 0.829673
1.35709 0.826987
1.35784 0.825123
1.35859 0.822552
1.35934 0.821741
1.36009 0.820328
1.36084 0.817355
1.36159 0.815534
1.36234 0.813497
1.36309 0.813504
1.36384 0.812324
1.36459 0.809222
1.36534 0.805516
1.36609 0.803013
1.36684 0.798921
1.36759 0.797473
1.36834 0.796647
1.36909 0.795839
1.36984 0.795214
1.37059 0.793024
1.37134 0.791023
1.37209 0.792005
1.37284 0.790415
1.37359 0.789472
1.37434 0.788587
1.37509 0.786854
1.37584 0.785708
1.37659 0.785214
1.37734 0.78375
1.37809 0.781571
1.37884 0.781554
1.37959 0.779863
1.38035 0.77631
1.3811 0.774527
1.38185 0.772271
1.3826 0.77139
1.38335 0.768058
1.3841 0.767222
1.38485 0.76813
1.3856 0.766919
1.38635 0.765681
1.3871 0.765408
1.38785 0.762562
1.3886 0.762432
1.38935 0.760659
1.3901 0.760369
1.39085 0.759197
1.3916 0.758549
1.39235 0.757696
1.3931 0.756161
1.39385 0.756014
1.3946 0.756269
1.39535 0.75614
1.3961 0.756978
1.39685 0.757161
1.3976 0.756004
1.39835 0.756459
1.3991 0.75594
1.39985 0.754736
1.4006 0.753068
1.40135 0.752194
1.4021 0.751475
1.40285 0.750164
1.4036 0.750174
1.40435 0.749723
1.4051 0.750715
1.40585 0.749522
1.4066 0.750722
1.40735 0.749651
1.4081 0.750081
1.40885 0.749935
1.4096 0.749705
1.41035 0.748752
1.4111 0.748184
1.41185 0.748981
1.4126 0.750314
1.41335 0.748829
1.4141 0.750075
1.41485 0.750501
1.4156 0.749903
1.41635 0.750289
1.4171 0.749675
1.41785 0.749445
1.4186 0.751038
1.41935 0.751128
1.42011 0.75198
1.42086 0.751747
1.42161 0.751597
1.42236 0.752258
1.42311 0.752844
1.42386 0.754117
1.42461 0.753454
1.42536 0.753365
1.42611 0.752808
1.42686 0.752855
1.42761 0.750997
1.42836 0.751432
1.42911 0.751567
1.42986 0.751472
1.43061 0.751528
1.43136 0.750577
1.43211 0.750428
1.43286 0.750755
1.43361 0.751141
1.43436 0.750805
1.43511 0.75105
1.43586 0.749271
1.43661 0.749629
1.43736 0.748261
1.43811 0.746744
1.43886 0.746966
1.43961 0.746656
1.44036 0.745903
1.44111 0.745707
1.44186 0.745784
1.44261 0.745428
1.44336 0.744762
1.44411 0.744721
1.44486 0.743868
1.44561 0.743649
1.44636 0.74268
1.44711 0.74215
1.44786 0.741813
1.44861 0.7436
1.44936 0.742536
1.45011 0.743756
1.45086 0.742542
1.45161 0.740884
1.45236 0.740002
1.45311 0.740426
1.45386 0.741513
1.45461 0.742099
1.45536 0.742311
1.45611 0.741114
1.45686 0.742722
1.45761 0.742483
1.45836 0.741719
1.45911 0.742234
1.45986 0.741478
1.46062 0.74149
1.46137 0.740369
1.46212 0.740976
1.46287 0.741417
1.46362 0.741116
1.46437 0.740935
1.46512 0.740319
1.46587 0.740077
1.46662 0.737929
1.46737 0.73904
1.46812 0.739956
1.46887 0.74087
1.46962 0.740321
1.47037 0.740918
1.47112 0.739973
1.47187 0.739112
1.47262 0.73901
1.47337 0.738869
1.47412 0.739343
1.47487 0.737748
1.47562 0.736508
1.47637 0.736063
1.47712 0.736682
1.47787 0.736705
1.47862 0.738421
1.47937 0.739668
1.48012 0.749531
1.48087 0.758636
1.48162 0.768686
1.48237 0.777499
1.48312 0.786262
1.48387 0.795013
1.48462 0.80727
1.48537 0.816831
1.48612 0.826091
1.48687 0.83631
1.48762 0.845919
1.48837 0.855754
1.48912 0.866312
1.48987 0.874982
1.49062 0.887313
1.49137 0.896224
1.49212 0.907025
1.49287 0.91817
1.49362 0.9284
1.49437 0.936293
1.49512 0.94549
1.49587 0.955252
1.49662 0.966261
1.49737 0.97689
1.49812 0.987279
1.49887 0.997035
1.49962 1.00907
1.50038 1.01842
1.50113 1.02816
1.50188 1.03858
1.50263 1.04954
1.50338 1.06096
1.50413 1.07247
1.50488 1.08144
1.50563 1.09241
1.50638 1.10349
1.50713 1.1149
1.50788 1.12751
1.50863 1.13464
1.50938 1.14276
1.51013 1.15383
1.51088 1.16479
1.51163 1.17346
1.51238 1.18454
1.51313 1.19588
1.51388 1.20628
1.51463 1.21716
1.51538 1.22587
1.51613 1.23553
1.51688 1.24769
1.51763 1.25768
1.51838 1.26583
1.51913 1.27303
1.51988 1.28111
1.52063 1.2894
1.52138 1.28836
1.52213 1.2895
1.52288 1.28937
1.52363 1.28963
1.52438 1.29
1.52513 1.29163
1.52588 1.289
1.52663 1.28926
1.52738 1.2893
1.52813 1.28949
1.52888 1.2882
1.52963 1.28887
1.53038 1.2881
1.53113 1.28916
1.53188 1.28975
1.53263 1.29081
1.53338 1.29333
1.53413 1.29483
1.53488 1.29529
1.53563 1.29621
1.53638 1.29697
1.53713 1.29589
1.53788 1.29605
1.53863 1.29772
1.53938 1.29737
1.54014 1.29864
1.54089 1.29822
1.54164 1.29773
1.54239 1.29876
1.54314 1.30079
1.54389 1.29894
1.54464 1.29976
1.54539 1.29992
1.54614 1.30079
1.54689 1.29929
1.54764 1.29922
1.54839 1.29944
1.54914 1.29799
1.54989 1.29967
1.55064 1.30106
1.55139 1.30034
1.55214 1.29975
1.55289 1.30114
1.55364 1.3002
1.55439 1.30213
1.55514 1.30192
1.55589 1.30066
1.55664 1.30127
1.55739 1.30217
1.55814 1.30266
1.55889 1.30174
1.55964 1.30283
1.56039 1.30323
1.56114 1.30283
1.56189 1.30316
1.56264 1.30271
1.56339 1.30057
1.56414 1.30019
1.56489 1.30058
1.56564 1.29972
1.56639 1.29974
1.56714 1.3012
1.56789 1.3009
1.56864 1.301
1.56939 1.30048
1.57014 1.30216
1.57089 1.30192
1.57164 1.30291
1.57239 1.30414
1.57314 1.3023
1.57389 1.30183
1.57464 1.30043
1.57539 1.2996
1.57614 1.3
1.57689 1.29991
1.57764 1.29983
1.57839 1.30219
1.57914 1.30154
1.57989 1.30093
1.58065 1.30188
1.5814 1.3013
1.58215 1.30203
1.5829 1.30201
1.58365 1.30099
1.5844 1.30049
1.58515 1.30118
1.5859 1.29932
1.58665 1.29848
1.5874 1.29974
1.58815 1.30191
1.5889 1.30106
1.58965 1.30035
1.5904 1.30066
1.59115 1.3005
1.5919 1.30024
1.59265 1.30062
1.5934 1.30125
1.59415 1.30203
1.5949 1.30232
1.59565 1.30037
1.5964 1.30048
1.59715 1.30175
1.5979 1.30189
1.59865 1.30178
1.5994 1.29852
1.60015 1.29762
1.6009 1.29911
1.60165 1.30055
1.6024 1.29982
1.60315 1.29955
1.6039 1.29949
1.60465 1.30172
1.6054 1.30294
1.60615 1.30193
1.6069 1.30232
1.60765 1.30154
1.6084 1.30181
1.60915 1.30084
1.6099 1.30152
1.61065 1.30098
1.6114 1.30111
1.61215 1.3021
1.6129 1.30098
1.61365 1.29985
1.6144 1.29908
1.61515 1.30035
1.6159 1.29941
1.61665 1.29892
1.6174 1.29686
1.61815 1.29803
1.6189 1.29736
1.61965 1.29471
1.62041 1.29427
1.62116 1.29365
1.62191 1.2935
1.62266 1.294
1.62341 1.29291
1.62416 1.29271
1.62491 1.29368
1.62566 1.29311
1.62641 1.29213
1.62716 1.29215
1.62791 1.29229
1.62866 1.29203
1.62941 1.29051
1.63016 1.29149
1.63091 1.29029
1.63166 1.29251
1.63241 1.29344
1.63316 1.29258
1.63391 1.29233
1.63466 1.29068
1.63541 1.29072
1.63616 1.2909
1.63691 1.29093
1.63766 1.29045
1.63841 1.28753
1.63916 1.28795
1.63991 1.28732
1.64066 1.28949
1.64141 1.29078
1.64216 1.28945
1.64291 1.2898
1.64366 1.29095
1.64441 1.29133
1.64516 1.29197
1.64591 1.29154
1.64666 1.29243
1.64741 1.29312
1.64816 1.29342
1.64891 1.29324
1.64966 1.29144
1.65041 1.29119
1.65116 1.29136
1.65191 1.29226
1.65266 1.29121
1.65341 1.29034
1.65416 1.28989
1.65491 1.28849
1.65566 1.29171
1.65641 1.28989
1.65716 1.29039
1.65791 1.29105
1.65866 1.29163
1.65941 1.2912
1.66017 1.29194
1.66092 1.29236
1.66167 1.29261
1.66242 1.29299
1.66317 1.29264
1.66392 1.29124
1.66467 1.29105
1.66542 1.29284
1.66617 1.29266
1.66692 1.29163
1.66767 1.29268
1.66842 1.29163
1.66917 1.29192
1.66992 1.29098
1.67067 1.29091
1.67142 1.29088
1.67217 1.29116
1.67292 1.2888
1.67367 1.28728
1.67442 1.2885
1.67517 1.28995
1.67592 1.29079
1.67667 1.2899
1.67742 1.28973
1.67817 1.28968
1.67892 1.28995
1.67967 1.29181
1.68042 1.29035
1.68117 1.29034
1.68192 1.28921
1.68267 1.29026
1.68342 1.29002
1.68417 1.28935
1.68492 1.2901
1.68567 1.29008
1.68642 1.29107
1.68717 1.28931
1.68792 1.2875
1.68867 1.28881
1.68942 1.29016
1.69017 1.29099
1.69092 1.29305
1.69167 1.29397
1.69242 1.29264
1.69317 1.29174
1.69392 1.29218
1.69467 1.29009
1.69542 1.29123
1.69617 1.29106
1.69692 1.28897
1.69767 1.2901
1.69842 1.2899
1.69917 1.29104
1.69992 1.29146
1.70068 1.29203
1.70143 1.29143
1.70218 1.29141
1.70293 1.28986
1.70368 1.28976
1.70443 1.28877
1.70518 1.28956
1.70593 1.28993
1.70668 1.28796
1.70743 1.28728
1.70818 1.28784
1.70893 1.28775
1.70968 1.28799
1.71043 1.28806
1.71118 1.2869
1.71193 1.288
1.71268 1.28704
1.71343 1.28725
1.71418 1.28841
1.71493 1.28927
1.71568 1.28958
1.71643 1.28778
1.71718 1.28723
1.71793 1.28782
1.71868 1.28884
1.71943 1.28864
1.72018 1.28835
1.72093 1.28823
1.72168 1.28836
1.72243 1.28846
1.72318 1.28818
1.72393 1.28618
1.72468 1.28665
1.72543 1.28701
1.72618 1.28561
1.72693 1.28536
1.72768 1.28401
1.72843 1.28517
1.72918 1.28566
1.72993 1.28519
1.73068 1.28544
1.73143 1.28614
1.73218 1.28519
1.73293 1.28611
1.73368 1.28704
1.73443 1.28677
1.73518 1.2857
1.73593 1.28779
1.73668 1.28663
1.73743 1.28871
1.73818 1.28852
1.73893 1.28831
1.73968 1.28785
1.74044 1.28586
1.74119 1.28636
1.74194 1.28613
1.74269 1.28692
1.74344 1.28777
1.74419 1.28925
1.74494 1.2894
1.74569 1.29021
1.74644 1.29022
1.74719 1.29043
1.74794 1.29268
1.74869 1.29315
1.74944 1.295
1.75019 1.29597
1.75094 1.29639
1.75169 1.29608
1.75244 1.29649
1.75319 1.29601
1.75394 1.29571
1.75469 1.29675
1.75544 1.29602
1.75619 1.29536
1.75694 1.29535
1.75769 1.29664
1.75844 1.29729
1.75919 1.29638
1.75994 1.29448
1.76069 1.29259
1.76144 1.29253
1.76219 1.29188
1.76294 1.29238
1.76369 1.29066
1.76444 1.29195
1.76519 1.29302
1.76594 1.29327
1.76669 1.29247
1.76744 1.29268
1.76819 1.29254
1.76894 1.29317
1.76969 1.2932
1.77044 1.29245
1.77119 1.29194
1.77194 1.28928
1.77269 1.28843
1.77344 1.28907
1.77419 1.28792
1.77494 1.28705
1.77569 1.28707
1.77644 1.28871
1.77719 1.28837
1.77794 1.28781
1.77869 1.28811
1.77944 1.28794
1.7802 1.28825
1.78095 1.28864
1.7817 1.2897
1.78245 1.28929
1.7832 1.28907
1.78395 1.28798
1.7847 1.28871
1.78545 1.28953
1.7862 1.28895
1.78695 1.28855
1.7877 1.28932
1.78845 1.28866
1.7892 1.28769
1.78995 1.28691
1.7907 1.28382
1.79145 1.28196
1.7922 1.28257
1.79295 1.28207
1.7937 1.28389
1.79445 1.28306
1.7952 1.28251
1.79595 1.28242
1.7967 1.28266
1.79745 1.2823
1.7982 1.2829
1.79895 1.28081
1.7997 1.28121
1.80045 1.28127
1.8012 1.28144
1.80195 1.28355
1.8027 1.28518
1.80345 1.28523
1.8042 1.28454
1.80495 1.28619
1.8057 1.28665
1.80645 1.28632
1.8072 1.28526
1.80795 1.28601
1.8087 1.28565
1.80945 1.2871
1.8102 1.28779
1.81095 1.28676
1.8117 1.28795
1.81245 1.29035
1.8132 1.29159
1.81395 1.29164
1.8147 1.29019
1.81545 1.2906
1.8162 1.29151
1.81695 1.2917
1.8177 1.29034
1.81845 1.2915
1.8192 1.29308
1.81995 1.29181
1.82071 1.29247
1.82146 1.29286
1.82221 1.29315
1.82296 1.29168
1.82371 1.29264
1.82446 1.2933
1.82521 1.29389
1.82596 1.29416
1.82671 1.29411
1.82746 1.29586
1.82821 1.29698
1.82896 1.29701
1.82971 1.29687
1.83046 1.29633
1.83121 1.29789
1.83196 1.29906
1.83271 1.30039
1.83346 1.29869
1.83421 1.29944
1.83496 1.29838
1.83571 1.29988
1.83646 1.29995
1.83721 1.29962
1.83796 1.2987
1.83871 1.29989
1.83946 1.29901
1.84021 1.29995
1.84096 1.29886
1.84171 1.29811
1.84246 1.29923
1.84321 1.30003
1.84396 1.2996
1.84471 1.29989
1.84546 1.30171
1.84621 1.30278
1.84696 1.30248
1.84771 1.30401
1.84846 1.30413
1.84921 1.30436
1.84996 1.30414
1.85071 1.30309
1.85146 1.30165
1.85221 1.30178
1.85296 1.30242
1.85371 1.30051
1.85446 1.30147
1.85521 1.30272
1.85596 1.304
1.85671 1.3049
1.85746 1.30579
1.85821 1.30577
1.85896 1.30731
1.85971 1.308
1.86047 1.30817
1.86122 1.30978
1.86197 1.31004
1.86272 1.31025
1.86347 1.31112
1.86422 1.31225
1.86497 1.3116
1.86572 1.31193
1.86647 1.31319
1.86722 1.31438
1.86797 1.3143
1.86872 1.31404
1.86947 1.31446
1.87022 1.31489
1.87097 1.3169
1.87172 1.31795
1.87247 1.31851
1.87322 1.32157
1.87397 1.32202
1.87472 1.32649
1.87547 1.32707
1.87622 1.3292
1.87697 1.32982
1.87772 1.33152
1.87847 1.33246
1.87922 1.33531
1.87997 1.3359
1.88072 1.33866
1.88147 1.34089
1.88222 1.34277
1.88297 1.34631
1.88372 1.34776
1.88447 1.34937
1.88522 1.35062
1.88597 1.35358
1.88672 1.35528
1.88747 1.35711
1.88822 1.35819
1.88897 1.35904
1.88972 1.36106
1.89047 1.36309
1.89122 1.36651
1.89197 1.36853
1.89272 1.37219
1.89347 1.37571
1.89422 1.37721
1.89497 1.38193
1.89572 1.38353
1.89647 1.3852
1.89722 1.39055
1.89797 1.39219
1.89872 1.39442
1.89947 1.39888
1.90023 1.40117
1.90098 1.4034
1.90173 1.40616
1.90248 1.40979
1.90323 1.41234
1.90398 1.41489
1.90473 1.41898
1.90548 1.4232
1.90623 1.42751
1.90698 1.43057
1.90773 1.4324
1.90848 1.43418
1.90923 1.43904
1.90998 1.44307
1.91073 1.44589
1.91148 1.44977
1.91223 1.45403
1.91298 1.45935
1.91373 1.46343
1.91448 1.46569
1.91523 1.46957
1.91598 1.47106
1.91673 1.47515
1.91748 1.47995
1.91823 1.48287
1.91898 1.48787
1.91973 1.49225
1.92048 1.49653
1.92123 1.50287
1.92198 1.50612
1.92273 1.50969
1.92348 1.51558
1.92423 1.51856
1.92498 1.52409
1.92573 1.52833
1.92648 1.53374
1.92723 1.53808
1.92798 1.54251
1.92873 1.54819
1.92948 1.55419
1.93023 1.56021
1.93098 1.56743
1.93173 1.57184
1.93248 1.57791
1.93323 1.58473
1.93398 1.59034
1.93473 1.59482
1.93548 1.60136
1.93623 1.60528
1.93698 1.61244
1.93773 1.61705
1.93848 1.62093
1.93923 1.62872
1.93998 1.63474
1.94074 1.64045
1.94149 1.64705
1.94224 1.65261
1.94299 1.65891
1.94374 1.6633
1.94449 1.66997
1.94524 1.67759
1.94599 1.68345
1.94674 1.68943
1.94749 1.69558
1.94824 1.7012
1.94899 1.70838
1.94974 1.71589
1.95049 1.72247
1.95124 1.72979
1.95199 1.73608
1.95274 1.7419
1.95349 1.74805
1.95424 1.75271
1.95499 1.75898
1.95574 1.76551
1.95649 1.77234
1.95724 1.78126
1.95799 1.78743
1.95874 1.79248
1.95949 1.79998
1.96024 1.80567
1.96099 1.81223
1.96174 1.81703
1.96249 1.8219
1.96324 1.8272
1.96399 1.83464
1.96474 1.83957
1.96549 1.84555
1.96624 1.84939
1.96699 1.85481
1.96774 1.85892
1.96849 1.8636
1.96924 1.86916
1.96999 1.873
1.97074 1.87741
1.97149 1.88297
1.97224 1.88537
1.97299 1.89242
1.97374 1.89643
1.97449 1.89987
1.97524 1.90425
1.97599 1.90954
1.97674 1.91189
1.97749 1.91639
1.97824 1.92113
1.97899 1.9263
1.97974 1.9297
1.9805 1.93153
1.98125 1.93474
1.982 1.9394
1.98275 1.94238
1.9835 1.9477
1.98425 1.94959
1.985 1.95148
1.98575 1.95338
1.9865 1.95632
1.98725 1.95934
1.988 1.96348
1.98875 1.96644
1.9895 1.9686
1.99025 1.97024
1.991 1.9711
1.99175 1.97022
1.9925 1.97178
1.99325 1.97388
1.994 1.97546
1.99475 1.976
1.9955 1.97876
1.99625 1.98019
1.997 1.98125
1.99775 1.9821
1.9985 1.9815
1.99925 1.98231
2 1.98279
2.00075 1.98438
2.0015 1.98442
2.00225 1.98324
2.003 1.98267
2.00375 1.98194
2.0045 1.98183
2.00525 1.98075
2.006 1.97922
2.00675 1.97919
2.0075 1.9798
2.00825 1.97722
2.009 1.97609
2.00975 1.97421
2.0105 1.97043
2.01125 1.96915
2.012 1.96585
2.01275 1.96264
2.0135 1.96168
2.01425 1.95949
2.015 1.95625
2.01575 1.95356
2.0165 1.95114
2.01725 1.94863
2.018 1.94803
2.01875 1.94392
2.0195 1.93909
2.02026 1.93552
2.02101 1.93128
2.02176 1.93053
2.02251 1.92734
2.02326 1.92172
2.02401 1.91764
2.02476 1.91125
2.02551 1.90774
2.02626 1.90436
2.02701 1.90141
2.02776 1.89622
2.02851 1.89105
2.02926 1.8849
2.03001 1.87924
2.03076 1.87522
2.03151 1.8704
2.03226 1.86625
2.03301 1.86347
2.03376 1.85799
2.03451 1.85197
2.03526 1.8475
2.03601 1.84168
2.03676 1.83517
2.03751 1.83062
2.03826 1.82488
2.03901 1.81944
2.03976 1.81281
2.04051 1.80648
2.04126 1.8002
2.04201 1.79389
2.04276 1.78735
2.04351 1.78219
2.04426 1.77794
2.04501 1.76981
2.04576 1.76407
2.04651 1.75716
2.04726 1.7517
2.04801 1.74596
2.04876 1.73858
2.04951 1.73298
2.05026 1.72652
2.05101 1.72158
2.05176 1.71732
2.05251 1.71026
2.05326 1.70468
2.05401 1.69976
2.05476 1.6951
2.05551 1.68691
2.05626 1.6818
2.05701 1.67421
2.05776 1.667
2.05851 1.66124
2.05926 1.65381
2.06002 1.6486
2.06077 1.64218
2.06152 1.63518
2.06227 1.6296
2.06302 1.62174
2.06377 1.61479
2.06452 1.60753
2.06527 1.60215
2.06602 1.59562
2.06677 1.58933
2.06752 1.58279
2.06827 1.57542
2.06902 1.56897
2.06977 1.56257
2.07052 1.55622
2.07127 1.55096
2.07202 1.5455
2.07277 1.54124
2.07352 1.53614
2.07427 1.52982
2.07502 1.52342
2.07577 1.51947
2.07652 1.51357
2.07727 1.50841
2.07802 1.50287
2.07877 1.49525
2.07952 1.49006
2.08027 1.48656
2.08102 1.48028
2.08177 1.47516
2.08252 1.47056
2.08327 1.46417
2.08402 1.46111
2.08477 1.45889
2.08552 1.45455
2.08627 1.45129
2.08702 1.44631
2.08777 1.44208
2.08852 1.4383
2.08927 1.43412
2.09002 1.43112
2.09077 1.42831
2.09152 1.42626
2.09227 1.42195
2.09302 1.41782
2.09377 1.41437
2.09452 1.41175
2.09527 1.40772
2.09602 1.40332
2.09677 1.4014
2.09752 1.39662
2.09827 1.39577
2.09902 1.39436
2.09977 1.3903
2.10053 1.38791
2.10128 1.38452
2.10203 1.38181
2.10278 1.3798
2.10353 1.37909
2.10428 1.37705
2.10503 1.37632
2.10578 1.37497
2.10653 1.37187
2.10728 1.37083
2.10803 1.37019
2.10878 1.36928
2.10953 1.36855
2.11028 1.36714
2.11103 1.36636
2.11178 1.36603
2.11253 1.365
2.11328 1.36278
2.11403 1.35951
2.11478 1.3572
2.11553 1.35573
2.11628 1.35461
2.11703 1.3522
2.11778 1.35052
2.11853 1.35121
2.11928 1.3507
2.12003 1.3486
2.12078 1.34704
2.12153 1.34344
2.12228 1.34363
2.12303 1.34357
2.12378 1.34161
2.12453 1.34215
2.12528 1.34096
2.12603 1.33849
2.12678 1.33631
2.12753 1.33551
2.12828 1.33417
2.12903 1.33256
2.12978 1.33063
2.13053 1.3293
2.13128 1.32847
2.13203 1.32788
2.13278 1.32611
2.13353 1.32612
2.13428 1.32471
2.13503 1.3248
2.13578 1.32367
2.13653 1.32136
2.13728 1.3222
2.13803 1.32087
2.13878 1.3222
2.13953 1.32146
2.14029 1.31916
2.14104 1.31968
2.14179 1.31919
2.14254 1.31795
2.14329 1.3161
2.14404 1.3161
2.14479 1.31433
2.14554 1.31327
2.14629 1.31247
2.14704 1.31159
2.14779 1.31253
2.14854 1.31218
2.14929 1.3091
2.15004 1.30731
2.15079 1.30632
2.15154 1.30588
2.15229 1.30528
2.15304 1.3041
2.15379 1.30289
2.15454 1.30372
2.15529 1.30395
2.15604 1.30343
2.15679 1.30264
2.15754 1.30282
2.15829 1.30308
2.15904 1.30458
2.15979 1.30133
2.16054 1.30208
2.16129 1.3031
2.16204 1.30351
2.16279 1.3041
2.16354 1.3049
2.16429 1.30205
2.16504 1.30255
2.16579 1.30055
2.16654 1.29995
2.16729 1.29783
2.16804 1.29836
2.16879 1.29806
2.16954 1.29941
2.17029 1.29996
2.17104 1.30119
2.17179 1.30051
2.17254 1.29967
2.17329 1.29858
2.17404 1.29991
2.17479 1.30031
2.17554 1.29928
2.17629 1.29795
2.17704 1.29681
2.17779 1.29725
2.17854 1.29523
2.17929 1.29528
2.18005 1.2933
2.1808 1.29339
2.18155 1.29366
2.1823 1.2932
2.18305 1.29305
2.1838 1.29499
2.18455 1.2964
2.1853 1.29712
2.18605 1.29654
2.1868 1.29745
2.18755 1.29679
2.1883 1.29781
2.18905 1.29654
2.1898 1.29546
2.19055 1.29655
2.1913 1.29791
2.19205 1.29885
2.1928 1.29755
2.19355 1.29687
2.1943 1.29676
2.19505 1.29685
2.1958 1.29632
2.19655 1.29744
2.1973 1.29725
2.19805 1.29744
2.1988 1.29605
2.19955 1.29509
2.2003 1.29338
2.20105 1.2953
2.2018 1.2941
2.20255 1.29577
2.2033 1.2949
2.20405 1.29556
2.2048 1.29452
2.20555 1.29756
2.2063 1.29754
2.20705 1.29807
2.2078 1.29738
2.20855 1.29893
2.2093 1.30051
2.21005 1.30101
2.2108 1.30102
2.21155 1.30164
2.2123 1.30115
2.21305 1.30203
2.2138 1.30184
2.21455 1.30291
2.2153 1.30211
2.21605 1.2999
2.2168 1.30213
2.21755 1.30333
2.2183 1.30497
2.21905 1.30361
2.2198 1.30446
2.22056 1.30267
2.22131 1.30235
2.22206 1.30227
2.22281 1.30119
2.22356 1.30113
2.22431 1.30023
2.22506 1.29887
2.22581 1.29949
2.22656 1.2985
2.22731 1.29769
2.22806 1.29739
2.22881 1.29789
2.22956 1.29761
2.23031 1.31604
2.23106 1.33353
2.23181 1.34931
2.23256 1.36737
2.23331 1.38357
2.23406 1.40101
2.23481 1.41848
2.23556 1.43495
2.23631 1.45309
2.23706 1.46983
2.23781 1.48729
2.23856 1.50579
2.23931 1.52448
2.24006 1.54356
2.24081 1.56275
2.24156 1.58074
2.24231 1.5979
2.24306 1.61629
2.24381 1.63429
2.24456 1.65356
2.24531 1.67085
2.24606 1.69075
2.24681 1.70885
2.24756 1.72844
2.24831 1.74738
2.24906 1.76622
2.24981 1.78657
2.25056 1.80328
2.25131 1.82353
2.25206 1.84279
2.25281 1.86107
2.25356 1.87954
2.25431 1.89949
2.25506 1.91894
2.25581 1.93573
2.25656 1.95582
2.25731 1.97753
2.25806 1.99508
2.25881 2.01349
2.25956 2.03187
2.26032 2.05207
2.26107 2.07086
2.26182 2.09034
2.26257 2.10921
2.26332 2.12632
2.26407 2.14625
2.26482 2.16348
2.26557 2.18207
2.26632 2.19989
2.26707 2.2179
2.26782 2.2346
2.26857 2.25195
2.26932 2.26696
2.27007 2.28207
2.27082 2.29868
2.27157 2.29612
2.27232 2.29752
2.27307 2.29747
2.27382 2.2948
2.27457 2.29434
2.27532 2.29431
2.27607 2.2934
2.27682 2.29442
2.27757 2.29327
2.27832 2.29419
2.27907 2.29289
2.27982 2.29239
2.28057 2.29247
2.28132 2.29257
2.28207 2.29254
2.28282 2.29343
2.28357 2.29451
2.28432 2.29465
2.28507 2.29333
2.28582 2.2935
2.28657 2.29484
2.28732 2.29451
2.28807 2.29382
2.28882 2.29304
2.28957 2.29309
2.29032 2.29313
2.29107 2.2923
2.29182 2.29194
2.29257 2.29065
2.29332 2.29089
2.29407 2.2917
2.29482 2.29298
2.29557 2.2918
2.29632 2.29118
2.29707 2.29145
2.29782 2.28842
2.29857 2.28705
2.29932 2.28827
2.30008 2.28832
2.30083 2.28761
2.30158 2.28736
2.30233 2.28593
2.30308 2.28686
2.30383 2.28717
2.30458 2.28693
2.30533 2.286
2.30608 2.28538
2.30683 2.28502
2.30758 2.28452
2.30833 2.28253
2.30908 2.28316
2.30983 2.28314
2.31058 2.28502
2.31133 2.28655
2.31208 2.28662
2.31283 2.28654
2.31358 2.28495
2.31433 2.28645
2.31508 2.28573
2.31583 2.28727
2.31658 2.28808
2.31733 2.28872
2.31808 2.28829
2.31883 2.28836
2.31958 2.28761
2.32033 2.28791
2.32108 2.28856
2.32183 2.28771
2.32258 2.28639
2.32333 2.28642
2.32408 2.28611
2.32483 2.28702
2.32558 2.28699
2.32633 2.28753
2.32708 2.28594
2.32783 2.28501
2.32858 2.28392
2.32933 2.2857
2.33008 2.28559
2.33083 2.28546
2.33158 2.28692
2.33233 2.28618
2.33308 2.28724
2.33383 2.28775
2.33458 2.28589
2.33533 2.28527
2.33608 2.285
2.33683 2.28344
2.33758 2.28252
2.33833 2.28374
2.33908 2.28551
2.33983 2.28483
2.34059 2.28355
2.34134 2.28354
2.34209 2.28493
2.34284 2.28527
2.34359 2.28549
2.34434 2.28561
2.34509 2.28584
2.34584 2.28655
2.34659 2.28633
2.34734 2.28735
2.34809 2.28735
2.34884 2.28854
2.34959 2.29032
2.35034 2.28823
2.35109 2.28882
2.35184 2.28985
2.35259 2.28966
2.35334 2.28963
2.35409 2.29112
2.35484 2.29158
2.35559 2.29086
2.35634 2.292
2.35709 2.29115
2.35784 2.29025
2.35859 2.29032
2.35934 2.29069
2.36009 2.29069
2.36084 2.29137
2.36159 2.29222
2.36234 2.29216
2.36309 2.29165
2.36384 2.29348
2.36459 2.29355
2.36534 2.29429
2.36609 2.29345
2.36684 2.29376
2.36759 2.295
2.36834 2.29664
2.36909 2.29651
2.36984 2.2975
2.37059 2.29641
2.37134 2.29671
2.37209 2.29908
2.37284 2.2976
2.37359 2.29726
2.37434 2.2971
2.37509 2.29814
2.37584 2.29901
2.37659 2.30052
2.37734 2.30075
2.37809 2.30181
2.37884 2.30383
2.37959 2.30338
2.38035 2.30269
2.3811 2.30325
2.38185 2.30374
2.3826 2.303
2.38335 2.30317
2.3841 2.30402
2.38485 2.30329
2.3856 2.30219
2.38635 2.30227
2.3871 2.30253
2.38785 2.30266
2.3886 2.30122
2.38935 2.30111
2.3901 2.29982
2.39085 2.29922
2.3916 2.29972
2.39235 2.29878
2.3931 2.29803
2.39385 2.29766
2.3946 2.29601
2.39535 2.29589
2.3961 2.29735
2.39685 2.29778
2.3976 2.29677
2.39835 2.29614
2.3991 2.29658
2.39985 2.29575
2.4006 2.29553
2.40135 2.2965
2.4021 2.29665
2.40285 2.29616
2.4036 2.29528
2.40435 2.29545
2.4051 2.29547
2.40585 2.29534
2.4066 2.29474
2.40735 2.29453
2.4081 2.29442
2.40885 2.29471
2.4096 2.29449
2.41035 2.29523
2.4111 2.29656
2.41185 2.29707
2.4126 2.29725
2.41335 2.2961
2.4141 2.29528
2.41485 2.29705
2.4156 2.29663
2.41635 2.29478
2.4171 2.29501
2.41785 2.29288
2.4186 2.29182
2.41935 2.29315
2.42011 2.29203
2.42086 2.29232
2.42161 2.29201
2.42236 2.29085
2.42311 2.29127
2.42386 2.29235
2.42461 2.29136
2.42536 2.29182
2.42611 2.29338
2.42686 2.2939
2.42761 2.29475
2.42836 2.29615
2.42911 2.29663
2.42986 2.29847
2.43061 2.29879
2.43136 2.30048
2.43211 2.30095
2.43286 2.3014
2.43361 2.30134
2.43436 2.30112
2.43511 2.30109
2.43586 2.30225
2.43661 2.30231
2.43736 2.30056
2.43811 2.30083
2.43886 2.30267
2.43961 2.30274
2.44036 2.30225
2.44111 2.30364
2.44186 2.30438
2.44261 2.30356
2.44336 2.30291
2.44411 2.3039
2.44486 2.30411
2.44561 2.30653
2.44636 2.30556
2.44711 2.30499
2.44786 2.30425
2.44861 2.3034
2.44936 2.30427
2.45011 2.30209
2.45086 2.30324
2.45161 2.30435
2.45236 2.30314
2.45311 2.30375
2.45386 2.30342
2.45461 2.30239
2.45536 2.3023
2.45611 2.30011
2.45686 2.29989
2.45761 2.30029
2.45836 2.30035
2.45911 2.30185
2.45986 2.30149
2.46062 2.30022
2.46137 2.30001
2.46212 2.29965
2.46287 2.30076
2.46362 2.30273
2.46437 2.30286
2.46512 2.30232
2.46587 2.30174
2.46662 2.29954
2.46737 2.29967
2.46812 2.30015
2.46887 2.29872
2.46962 2.29583
2.47037 2.29592
2.47112 2.29579
2.47187 2.29446
2.47262 2.29276
2.47337 2.29149
2.47412 2.2915
2.47487 2.29332
2.47562 2.29356
2.47637 2.29301
2.47712 2.29216
2.47787 2.29038
2.47862 2.28983
2.47937 2.28944
2.48012 2.28997
2.48087 2.28961
2.48162 2.29084
2.48237 2.2893
2.48312 2.2879
2.48387 2.2876
2.48462 2.28753
2.48537 2.28655
2.48612 2.28569
2.48687 2.28461
2.48762 2.28401
2.48837 2.2848
2.48912 2.28547
2.48987 2.28585
2.49062 2.28507
2.49137 2.28377
2.49212 2.28273
2.49287 2.28145
2.49362 2.28156
2.49437 2.28135
2.49512 2.28137
2.49587 2.28131
2.49662 2.282
2.49737 2.28238
2.49812 2.2828
2.49887 2.28227
2.49962 2.28281
2.50038 2.28174
2.50113 2.28036
2.50188 2.27915
2.50263 2.28005
2.50338 2.28004
2.50413 2.27937
2.50488 2.27848
2.50563 2.27812
2.50638 2.27827
2.50713 2.27871
2.50788 2.27936
2.50863 2.27874
2.50938 2.27876
2.51013 2.27916
2.51088 2.2791
2.51163 2.28004
2.51238 2.27918
2.51313 2.28047
2.51388 2.28226
2.51463 2.2831
2.51538 2.28306
2.51613 2.28195
2.51688 2.28168
2.51763 2.28128
2.51838 2.2817
2.51913 2.28213
2.51988 2.28286
2.52063 2.28356
2.52138 2.28195
2.52213 2.28156
2.52288 2.28063
2.52363 2.28248
2.52438 2.28442
2.52513 2.28552
2.52588 2.28547
2.52663 2.28454
2.52738 2.28609
2.52813 2.28504
2.52888 2.28529
2.52963 2.28518
2.53038 2.28643
2.53113 2.287
2.53188 2.28674
2.53263 2.28799
2.53338 2.28835
2.53413 2.2877
2.53488 2.28782
2.53563 2.28852
2.53638 2.28879
2.53713 2.29029
2.53788 2.29107
2.53863 2.29091
2.53938 2.29127
2.54014 2.29326
2.54089 2.293
2.54164 2.29257
2.54239 2.29525
2.54314 2.29642
2.54389 2.29691
2.54464 2.2976
2.54539 2.29688
2.54614 2.2968
2.54689 2.2962
2.54764 2.29702
2.54839 2.29859
2.54914 2.2983
2.54989 2.29815
2.55064 2.29782
2.55139 2.29675
2.55214 2.29802
2.55289 2.29613
2.55364 2.29582
2.55439 2.29513
2.55514 2.29279
2.55589 2.29239
2.55664 2.29438
2.55739 2.29393
2.55814 2.29207
2.55889 2.29278
2.55964 2.29337
2.56039 2.29302
2.56114 2.29241
2.56189 2.29437
2.56264 2.29517
2.56339 2.29718
2.56414 2.29788
2.56489 2.29719
2.56564 2.29523
2.56639 2.29539
2.56714 2.29616
2.56789 2.29552
2.56864 2.29506
2.56939 2.2946
2.57014 2.29492
2.57089 2.29485
2.57164 2.29394
2.57239 2.29395
2.57314 2.29354
2.57389 2.2949
2.57464 2.29616
2.57539 2.29622
2.57614 2.29525
2.57689 2.29405
2.57764 2.2938
2.57839 2.29337
2.57914 2.29391
2.57989 2.2947
2.58065 2.29564
2.5814 2.29461
2.58215 2.29307
2.5829 2.29415
2.58365 2.29381
2.5844 2.29555
2.58515 2.2951
2.5859 2.29634
2.58665 2.29672
2.5874 2.29753
2.58815 2.29781
2.5889 2.29598
2.58965 2.29402
2.5904 2.29429
2.59115 2.29563
2.5919 2.2946
2.59265 2.29626
2.5934 2.29567
2.59415 2.2967
2.5949 2.29767
2.59565 2.29917
2.5964 2.30097
2.59715 2.30163
2.5979 2.30072
2.59865 2.30249
2.5994 2.3037
2.60015 2.30465
2.6009 2.30415
2.60165 2.30469
2.6024 2.30439
2.60315 2.30128
2.6039 2.30136
2.60465 2.30185
2.6054 2.30199
2.60615 2.30317
2.6069 2.30396
2.60765 2.30431
2.6084 2.30399
2.60915 2.30597
2.6099 2.30785
2.61065 2.30961
2.6114 2.3109
2.61215 2.3116
2.6129 2.31272
2.61365 2.31196
2.6144 2.31305
2.61515 2.31259
2.6159 2.31113
2.61665 2.31274
2.6174 2.31333
2.61815 2.31373
2.6189 2.31561
2.61965 2.31752
2.62041 2.31744
2.62116 2.31945
2.62191 2.32078
2.62266 2.32269
2.62341 2.32482
2.62416 2.32639
2.62491 2.32736
2.62566 2.32897
2.62641 2.33024
2.62716 2.32992
2.62791 2.33073
2.62866 2.33156
2.62941 2.33375
2.63016 2.33665
2.63091 2.33974
2.63166 2.34052
2.63241 2.34118
2.63316 2.344
2.63391 2.34485
2.63466 2.34712
2.63541 2.35039
2.63616 2.35176
2.63691 2.35299
2.63766 2.3565
2.63841 2.35852
2.63916 2.35966
2.63991 2.36123
2.64066 2.36505
2.64141 2.36655
2.64216 2.36952
2.64291 2.37331
2.64366 2.37755
2.64441 2.38275
2.64516 2.38576
2.64591 2.3872
2.64666 2.38954
2.64741 2.39074
2.64816 2.39417
2.64891 2.39525
2.64966 2.39702
2.65041 2.40071
2.65116 2.40389
2.65191 2.40664
2.65266 2.40812
2.65341 2.41149
2.65416 2.41445
2.65491 2.41959
2.65566 2.42315
2.65641 2.42649
2.65716 2.43066
2.65791 2.43345
2.65866 2.4372
2.65941 2.44129
2.66017 2.4434
2.66092 2.44669
2.66167 2.45177
2.66242 2.4548
2.66317 2.45846
2.66392 2.46187
2.66467 2.4649
2.66542 2.46777
2.66617 2.47272
2.66692 2.47593
2.66767 2.48134
2.66842 2.48486
2.66917 2.49019
2.66992 2.49558
2.67067 2.49884
2.67142 2.50356
2.67217 2.50759
2.67292 2.5139
2.67367 2.51718
2.67442 2.52178
2.67517 2.5282
2.67592 2.53308
2.67667 2.538
2.67742 2.54383
2.67817 2.54829
2.67892 2.55066
2.67967 2.55561
2.68042 2.56186
2.68117 2.5673
2.68192 2.5713
2.68267 2.57769
2.68342 2.58361
2.68417 2.58843
2.68492 2.59317
2.68567 2.59822
2.68642 2.60366
2.68717 2.60898
2.68792 2.61416
2.68867 2.61928
2.68942 2.62444
2.69017 2.63169
2.69092 2.63879
2.69167 2.64504
2.69242 2.65102
2.69317 2.65702
2.69392 2.66469
2.69467 2.67063
2.69542 2.67627
2.69617 2.68222
2.69692 2.6888
2.69767 2.6962
2.69842 2.70311
2.69917 2.71082
2.69992 2.71822
2.70068 2.72363
2.70143 2.72988
2.70218 2.73567
2.70293 2.74138
2.70368 2.74768
2.70443 2.75369
2.70518 2.75926
2.70593 2.76627
2.70668 2.77383
2.70743 2.77721
2.70818 2.78216
2.70893 2.78793
2.70968 2.79463
2.71043 2.80067
2.71118 2.80504
2.71193 2.81214
2.71268 2.81681
2.71343 2.82257
2.71418 2.82765
2.71493 2.83503
2.71568 2.83989
2.71643 2.84542
2.71718 2.85138
2.71793 2.85414
2.71868 2.85883
2.71943 2.86522
2.72018 2.8719
2.72093 2.87603
2.72168 2.88112
2.72243 2.88487
2.72318 2.89012
2.72393 2.89407
2.72468 2.8974
2.72543 2.90226
2.72618 2.90763
2.72693 2.91011
2.72768 2.91464
2.72843 2.91909
2.72918 2.92333
2.72993 2.92785
2.73068 2.93101
2.73143 2.93511
2.73218 2.93784
2.73293 2.94035
2.73368 2.9418
2.73443 2.94374
2.73518 2.94593
2.73593 2.94831
2.73668 2.95218
2.73743 2.95426
2.73818 2.95609
2.73893 2.95746
2.73968 2.95828
2.74044 2.95859
2.74119 2.95986
2.74194 2.96273
2.74269 2.96454
2.74344 2.96513
2.74419 2.9663
2.74494 2.96744
2.74569 2.96741
2.74644 2.9688
2.74719 2.96967
2.74794 2.97011
2.74869 2.97219
2.74944 2.97222
2.75019 2.97077
2.75094 2.97143
2.75169 2.9716
2.75244 2.97255
2.75319 2.97261
2.75394 2.97229
2.75469 2.97014
2.75544 2.96882
2.75619 2.96725
2.75694 2.96743
2.75769 2.96587
2.75844 2.96455
2.75919 2.96504
2.75994 2.96361
2.76069 2.96109
2.76144 2.95872
2.76219 2.95877
2.76294 2.95583
2.76369 2.95363
2.76444 2.95005
2.76519 2.94786
2.76594 2.94496
2.76669 2.94186
2.76744 2.93731
2.76819 2.93429
2.76894 2.93112
2.76969 2.92899
2.77044 2.92562
2.77119 2.92282
2.77194 2.92007
2.77269 2.9151
2.77344 2.91182
2.77419 2.90704
2.77494 2.90375
2.77569 2.89979
2.77644 2.89471
2.77719 2.88995
2.77794 2.88245
2.77869 2.87724
2.77944 2.87273
2.7802 2.86792
2.78095 2.86219
2.7817 2.85685
2.78245 2.85172
2.7832 2.84512
2.78395 2.83991
2.7847 2.8344
2.78545 2.83032
2.7862 2.8241
2.78695 2.81878
2.7877 2.81225
2.78845 2.80645
2.7892 2.80096
2.78995 2.79458
2.7907 2.78937
2.79145 2.7848
2.7922 2.77776
2.79295 2.77161
2.7937 2.76523
2.79445 2.7588
2.7952 2.75152
2.79595 2.74737
2.7967 2.74163
2.79745 2.73489
2.7982 2.72881
2.79895 2.72176
2.7997 2.71526
2.80045 2.70833
2.8012 2.7021
2.80195 2.69618
2.8027 2.68985
2.80345 2.68271
2.8042 2.67827
2.80495 2.67093
2.8057 2.66592
2.80645 2.66133
2.8072 2.65689
2.80795 2.65015
2.8087 2.64406
2.80945 2.63899
2.8102 2.63186
2.81095 2.62469
2.8117 2.6186
2.81245 2.61174
2.8132 2.6054
2.81395 2.5998
2.8147 2.59309
2.81545 2.5878
2.8162 2.58199
2.81695 2.57541
2.8177 2.56937
2.81845 2.56345
2.8192 2.55925
2.81995 2.55386
2.82071 2.54801
2.82146 2.54237
2.82221 2.53866
2.82296 2.53385
2.82371 2.52763
2.82446 2.52461
2.82521 2.52015
2.82596 2.51473
2.82671 2.50851
2.82746 2.50396
2.82821 2.49847
2.82896 2.49456
2.82971 2.49045
2.83046 2.48502
2.83121 2.48137
2.83196 2.47759
2.83271 2.47101
2.83346 2.46679
2.83421 2.46168
2.83496 2.45614
2.83571 2.45112
2.83646 2.44919
2.83721 2.44359
2.83796 2.43917
2.83871 2.43642
2.83946 2.43174
2.84021 2.42788
2.84096 2.42281
2.84171 2.42065
2.84246 2.41706
2.84321 2.41274
2.84396 2.40883
2.84471 2.40625
2.84546 2.40126
2.84621 2.39909
2.84696 2.39563
2.84771 2.3914
2.84846 2.38798
2.84921 2.38576
2.84996 2.38401
2.85071 2.38043
2.85146 2.37821
2.85221 2.37601
2.85296 2.37413
2.85371 2.37096
2.85446 2.36852
2.85521 2.36532
2.85596 2.36401
2.85671 2.36248
2.85746 2.36026
2.85821 2.35881
2.85896 2.3591
2.85971 2.35782
2.86047 2.35565
2.86122 2.35343
2.86197 2.35147
2.86272 2.34981
2.86347 2.34599
2.86422 2.34411
2.86497 2.34241
2.86572 2.34048
2.86647 2.33679
2.86722 2.33706
2.86797 2.33456
2.86872 2.3312
2.86947 2.32929
2.87022 2.32701
2.87097 2.32641
2.87172 2.32436
2.87247 2.3241
2.87322 2.32114
2.87397 2.32072
2.87472 2.32019
2.87547 2.32024
2.87622 2.32029
2.87697 2.32005
2.87772 2.31875
2.87847 2.31783
2.87922 2.31872
2.87997 2.31708
2.88072 2.31519
2.88147 2.31493
2.88222 2.31609
2.88297 2.31326
2.88372 2.31194
2.88447 2.31061
2.88522 2.30986
2.88597 2.3089
2.88672 2.30874
2.88747 2.30853
2.88822 2.30664
2.88897 2.30495
2.88972 2.30463
2.89047 2.30455
2.89122 2.30418
2.89197 2.30386
2.89272 2.30369
2.89347 2.30247
2.89422 2.30142
2.89497 2.3007
2.89572 2.30103
2.89647 2.30139
2.89722 2.3004
2.89797 2.29879
2.89872 2.2978
2.89947 2.29807
2.90023 2.29721
2.90098 2.29841
2.90173 2.29759
2.90248 2.29935
2.90323 2.29929
2.90398 2.30039
2.90473 2.30098
2.90548 2.30111
2.90623 2.30044
2.90698 2.30026
2.90773 2.30111
2.90848 2.29955
2.90923 2.30023
2.90998 2.30232
2.91073 2.30258
2.91148 2.30485
2.91223 2.30335
2.91298 2.30391
2.91373 2.30217
2.91448 2.30289
2.91523 2.30302
2.91598 2.30186
2.91673 2.29987
2.91748 2.29955
2.91823 2.29969
2.91898 2.29838
2.91973 2.29904
2.92048 2.29786
2.92123 2.29773
2.92198 2.2997
2.92273 2.29943
2.92348 2.29856
2.92423 2.29886
2.92498 2.29782
2.92573 2.29957
2.92648 2.29933
2.92723 2.29909
2.92798 2.29936
2.92873 2.29814
2.92948 2.2997
2.93023 2.29926
2.93098 2.2977
2.93173 2.29623
2.93248 2.29549
2.93323 2.29497
2.93398 2.29497
2.93473 2.29517
2.93548 2.29556
2.93623 2.29639
2.93698 2.29606
2.93773 2.29495
2.93848 2.2952
2.93923 2.29656
2.93998 2.29615
2.94074 2.29634
2.94149 2.29584
2.94224 2.2943
2.94299 2.29526
2.94374 2.29423
2.94449 2.29449
2.94524 2.29292
2.94599 2.29512
2.94674 2.29543
2.94749 2.2969
2.94824 2.29538
2.94899 2.29622
2.94974 2.29625
2.95049 2.29561
2.95124 2.29566
2.95199 2.29697
2.95274 2.2952
2.95349 2.29549
2.95424 2.2953
2.95499 2.29547
2.95574 2.2941
2.95649 2.29551
2.95724 2.2974
2.95799 2.29799
2.95874 2.29826
2.95949 2.29835
2.96024 2.30064
2.96099 2.299
2.96174 2.29839
2.96249 2.29867
2.96324 2.29669
2.96399 2.29705
2.96474 2.29704
2.96549 2.2979
2.96624 2.29808
2.96699 2.29675
2.96774 2.29839
2.96849 2.29877
2.96924 2.29907
2.96999 2.30008
2.97074 2.30081
2.97149 2.30152
2.97224 2.30175
2.97299 2.30337
2.97374 2.3028
2.97449 2.3033
2.97524 2.30234
2.97599 2.30285
2.97674 2.30253
2.97749 2.30368
2.97824 2.30273
2.97899 2.30315
2.97974 2.30462
